0
9.62965e-34
-4.81482e-35
-1.44445e-34
-4.33334e-34
-6.74075e-34
-8.24539e-34
-1.7875e-33
-2.55788e-33
-2.55788e-33
-2.55788e-33
-2.55788e-33
-2.55788e-33
-2.55788e-33
-2.55788e-33
-2.55788e-33
-2.55788e-33
-2.55788e-33
-2.55788e-33
-2.55788e-33
-2.55788e-33
-2.55788e-33
-2.55788e-33
-2.55788e-33
-2.88889e-34
-2.55788e-33
-1.84408e-32
7.00497e-32
1.44926e-31
-1.75001e-31
1.49555e-25
1.55137e-24
-1.25203e-21
-2.32201e-21
8.31535e-21
3.09726e-19
-6.69344e-19
8.90738e-19
-1.70561e-18
2.90902e-18
-4.31111e-18
-3.42148e-19
-1.45097e-16
6.27688e-17
-2.2649e-16
-4.82953e-17
-2.58044e-17
-1.99721e-18
-8.81938e-17
6.18589e-17
-3.22862e-16
6.64668e-17
-9.37005e-16
-1.62787e-15
-6.23751e-15
-1.78122e-14
-5.51862e-14
-1.6165e-13
-4.70346e-13
-1.33562e-12
-3.72276e-12
-1.01653e-11
-2.72104e-11
-7.13848e-11
-1.83553e-10
-4.6259e-10
-1.14264e-09
-2.7663e-09
-6.56399e-09
-1.52656e-08
-3.47966e-08
-7.77386e-08
-1.70221e-07
-3.65314e-07
-7.68413e-07
-1.58416e-06
-3.20096e-06
-6.33921e-06
-1.23045e-05
-2.34083e-05
-4.36465e-05
-7.97633e-05
-0.000142867
-0.000250802
-0.000431526
-0.000727704
-0.00120275
-0.00194836
-0.0030934
-0.00481365
-0.00734152
-0.0109741
-0.0160777
-0.0230862
-0.03249
-0.0448147
-0.0605845
-0.0802739
-0.104246
-0.132682
-0.165515
-0.202364
-0.242494
-0.284799
-0.327828
-0.369849
-0.408952
-0.443192
-0.47074
-0.49005
-0.5
-0.5
-0.49005
-0.47074
-0.443192
-0.408952
-0.369849
-0.327828
-0.284799
-0.242494
-0.202364
-0.165515
-0.132682
-0.104246
-0.0802739
-0.0605845
-0.0448147
-0.03249
-0.0230862
-0.0160777
-0.0109741
-0.00734152
-0.00481365
-0.0030934
-0.00194836
-0.00120275
-0.000727704
-0.000431526
-0.000250802
-0.000142867
-7.97633e-05
7.97633e-05
-7.97633e-05
7.97633e-05
-7.97633e-05
7.97633e-05
-7.97633e-05
7.97633e-05
-7.97633e-05
7.97633e-05
-7.97633e-05
7.97633e-05
-7.97633e-05
7.97633e-05
-7.97633e-05
7.97633e-05
-7.97633e-05
7.97633e-05
-7.97633e-05
7.97633e-05
0.000142867
0.000250802
0.000431526
0.000727704
0.00120275
0.00194836
0.0030934
0.00481366
0.00734153
0.0109741
0.0160778
0.0230862
0.0324902
0.0448151
0.0605853
0.0802755
0.104249
0.132688
0.165527
0.202388
0.242537
0.284878
0.327971
0.370099
0.409384
0.443919
0.471942
0.491998
0.503093
0.504814
0.497391
0.481714
0.459269
0.432038
0.402339
0.372642
0.345383
0.322768
0.30661
0.298197
